02/01/2023,ST JAMES RESTAURAT,Entertainment,63.29,,5816.28
02/01/2023,RED CROSS,Communication,98,,5718.28
02/01/2023,GATEWAY MSP,Dontations,397.53,,5320.75
02/02/2023,SAFEWAY #4913,Groceries,18.99,,5301.76
02/06/2023,Subway 13634,Groceries,14.8,,5286.96
02/06/2023,PUR & SIMPLE RESTAUR,Entertainment,107.93,,5169.03
02/06/2023,REAL CDN SUPERS,Groceries,110.57,,5068.46
02/06/2023,GC 9103-DEPOSIT,Bank,,4100.25,9168.71
02/06/2023,ICBC INS,Car Insurance,109.92,,9058.79
02/06/2023,CHQ#00795-0145121987,Bank,4100.25,,8551.38
02/08/2023,FORTISBC GAS U8U7W9,Gas Heating,115,,8436.38
02/09/2023,REAL CDN SUPERS,Groceries,39.74,,8396.64
02/10/2023,BMO PAY,Bank,,1192.66,9589.3
02/13/2023,WALMART STORE #,Groceries,8,,9581.3
02/13/2023,COSTCO WHOLESAL,Groceries,105.43,,9475.87
02/13/2023,MCDONALDS,Entertainment,22.38,,9453.49
02/13/2023,Subway 13493,Groceries,20.66,,9432.83
02/14/2023,WHITE SPOT RESTAURANT,Entertainment,65.15,,9367.68
02/15/2023,REAL CDN SUPERS,Groceries,58.45,,9309.23
02/15/2023,SHAW CABLE Y2L7L3,Communication,190.4,,9119.23
02/16/2023,CANADIAN TIRE #,Groceries,12.3,,9106.93
02/16/2023,World Vision MSP,Dontations,24.5,,9082.43
02/16/2023,World Vision MSP,Dontations,24.5,,9057.93
02/17/2023,CANADIAN TIRE #,Groceries,,6.14,9057.93
02/21/2023,ICBC #67607,Car Insurance,49,,9008.93
02/21/2023,REAL CDN SUPERS,Groceries,116.25,,8892.68
02/21/2023,TIM HORTONS #73,Entertainment,17.09,,8875.59
02/21/2023,7-ELEVEN STORE,Groceries,12.3,,8863.29
02/21/2023,CHQ#00395-4142613936,Bank,130,,8733.29
02/23/2023,REAL CDN SUPERS,Communication,46.78,,8686.51
02/23/2023,ROGERS MOBILE,Communication,32.94,,8653.57
02/24/2023,BMO PAY,Entertainment,,1199.32,9852.89
02/27/2023,REAL CDN SUPERS,Groceries,37.93,,9814.96
02/28/2023,O.D.P. FEE,Entertainment,5,,9809.96
02/28/2023,MONTHLY ACCOUNT FEE,Bank,16.95,,9793.01